0 0.358508 0.784248 0.033953 0.091458
0 0.410422 0.673229 0.039719 0.084468
0 0.208047 0.865463 0.036906 0.104259
0 0.534195 0.607708 0.021047 0.065370
0 0.630719 0.586088 0.021063 0.058102
0 0.022375 0.467014 0.024125 0.045000
0 0.550969 0.594780 0.018438 0.064144
0 0.029297 0.890463 0.046219 0.112500
0 0.289359 0.718646 0.024875 0.075069
0 0.133547 0.491134 0.024719 0.050556
0 0.613367 0.549329 0.018078 0.054769
0 0.246508 0.484444 0.016234 0.043750
0 0.643141 0.565370 0.016781 0.052500
0 0.053125 0.545139 0.031250 0.067130
