0 0.132521 0.609633 0.060833 0.051953
0 0.056740 0.738727 0.014604 0.045516
0 0.098615 0.729523 0.078313 0.057484
0 0.272990 0.711922 0.031229 0.064500
0 0.263740 0.712156 0.025479 0.061625
0 0.256146 0.713359 0.021708 0.058313
0 0.390969 0.750656 0.083229 0.057250
0 0.243594 0.716703 0.019521 0.061562
0 0.132729 0.728984 0.018208 0.057281
0 0.175656 0.719586 0.016896 0.069328
0 0.220792 0.720039 0.020917 0.061078
0 0.141812 0.726258 0.010417 0.055109
0 0.227458 0.716867 0.024250 0.067797
0 0.148125 0.727609 0.013000 0.061937
0 0.200000 0.717969 0.166667 0.070312
