0 0.886770 0.228078 0.034020 0.056036
0 0.941780 0.240495 0.025280 0.045796
0 0.985570 0.221637 0.028860 0.063634
0 0.950980 0.156351 0.033840 0.013063
0 0.951190 0.144399 0.034500 0.015766
0 0.953040 0.129880 0.036760 0.014174
0 0.957010 0.076967 0.037300 0.016517
0 0.956480 0.091742 0.037720 0.015135
0 0.948550 0.201637 0.037540 0.016847
0 0.987660 0.142838 0.024680 0.012222
0 0.988290 0.152808 0.023340 0.012703
0 0.991030 0.072372 0.017940 0.013333
0 0.944090 0.233228 0.038540 0.055045
0 0.964000 0.133634 0.068000 0.123123
