0 0.971558 0.896617 0.049133 0.067297
0 0.980788 0.944594 0.038425 0.050562
0 0.927283 0.925727 0.070142 0.058859
0 0.856257 0.963930 0.064726 0.065672
0 0.925142 0.972469 0.071097 0.055063
0 0.984522 0.972414 0.030956 0.055172
0 0.631274 0.962242 0.070796 0.052078
0 0.843982 0.889633 0.069770 0.066516
0 0.982549 0.907094 0.034903 0.032813
0 0.591496 0.991492 0.052442 0.017016
0 0.711566 0.948875 0.068513 0.049812
0 0.912929 0.885164 0.059345 0.057984
0 0.860611 0.919906 0.060088 0.050938
0 0.788584 0.964109 0.063929 0.071781
