0 0.865211 0.290479 0.040578 0.060667
0 0.684766 0.181281 0.031313 0.055896
0 0.721094 0.175729 0.032000 0.059000
0 0.827672 0.205771 0.039438 0.062417
0 0.789891 0.191615 0.042875 0.060396
0 0.753922 0.184469 0.030875 0.064771
0 0.808336 0.352969 0.034047 0.027854
0 0.781422 0.352042 0.015875 0.027875
0 0.640070 0.186208 0.040922 0.070833
0 0.640086 0.231031 0.040766 0.021271
0 0.857242 0.357417 0.036766 0.043583
0 0.666781 0.037677 0.039688 0.075354
0 0.763969 0.353073 0.016656 0.028021
0 0.733594 0.189583 0.242188 0.379167
