0 0.773016 0.387479 0.063844 0.098083
0 0.729102 0.345562 0.034422 0.081958
0 0.918836 0.385510 0.057734 0.080021
0 0.877008 0.398344 0.058453 0.095021
0 0.837227 0.411479 0.067453 0.099083
0 0.933648 0.329667 0.037391 0.026833
0 0.980273 0.351521 0.039453 0.034250
0 0.987102 0.380698 0.023766 0.031688
0 0.937750 0.483031 0.069687 0.089021
0 0.948305 0.380021 0.053797 0.075875
0 0.957211 0.324677 0.038953 0.027687
0 0.904023 0.341000 0.046922 0.050042
0 0.976852 0.405594 0.046297 0.060729
0 0.849219 0.414583 0.298438 0.225000
