0 0.195484 0.833552 0.027406 0.047521
0 0.491039 0.789437 0.025328 0.042833
0 0.161695 0.846760 0.039109 0.075979
0 0.452945 0.796135 0.029078 0.061521
0 0.308430 0.801552 0.030328 0.049438
0 0.616922 0.574292 0.013125 0.026083
0 0.420641 0.537229 0.009500 0.016708
0 0.567578 0.835583 0.030000 0.064542
0 0.634516 0.608615 0.015563 0.031146
0 0.198984 0.638198 0.020563 0.034854
0 0.233219 0.609813 0.016438 0.027250
0 0.154422 0.595906 0.014656 0.027479
0 0.172039 0.593000 0.017516 0.024208
0 0.472656 0.712500 0.945312 0.520833
