0 0.288352 0.419750 0.011047 0.020208
0 0.280734 0.418750 0.007719 0.017833
0 0.485625 0.349146 0.006625 0.015792
0 0.499555 0.350979 0.006609 0.020167
0 0.321188 0.332052 0.020719 0.022271
0 0.273070 0.420417 0.007391 0.018708
0 0.310297 0.416469 0.017719 0.024896
0 0.543289 0.356938 0.012422 0.021875
0 0.553891 0.356344 0.019938 0.021813
0 0.551742 0.430490 0.019266 0.021771
0 0.513734 0.352156 0.014375 0.024979
0 0.486773 0.400979 0.009172 0.013042
0 0.492672 0.350469 0.006813 0.017396
0 0.384375 0.366667 0.253125 0.129167
