0 0.515484 0.904490 0.073469 0.088813
0 0.754109 0.893458 0.076594 0.080792
0 0.513727 0.774052 0.048359 0.034979
0 0.677539 0.809198 0.049953 0.044104
0 0.738211 0.841938 0.069016 0.049292
0 0.634625 0.889344 0.073750 0.081562
0 0.620633 0.839240 0.066703 0.045062
0 0.697594 0.889385 0.067500 0.077271
0 0.578562 0.888615 0.069219 0.084312
0 0.512953 0.849594 0.064344 0.057979
0 0.565250 0.834677 0.066344 0.046062
0 0.675625 0.837083 0.064656 0.042250
0 0.720602 0.804625 0.064891 0.035375
0 0.609375 0.789583 0.259375 0.095833
