0 0.336625 0.666917 0.057281 0.101833
0 0.260313 0.683823 0.055281 0.106021
0 0.506312 0.638729 0.059625 0.101042
0 0.431461 0.650562 0.050547 0.096625
0 0.592187 0.556583 0.056563 0.045708
0 0.627812 0.556292 0.045531 0.023875
0 0.570383 0.625740 0.055734 0.097813
0 0.565945 0.569531 0.055672 0.026729
0 0.537469 0.590052 0.055313 0.089854
0 0.487578 0.600479 0.055313 0.093250
0 0.627758 0.609552 0.060109 0.096021
0 0.256055 0.617490 0.058422 0.038937
0 0.879578 0.509510 0.052875 0.040146
0 0.591406 0.740625 0.767188 0.468750
