0 0.662711 0.264344 0.030578 0.028646
0 0.590547 0.259896 0.026312 0.030417
0 0.636359 0.387813 0.024438 0.031542
0 0.659594 0.389844 0.030406 0.041229
0 0.530945 0.257719 0.026766 0.032688
0 0.159508 0.235563 0.029828 0.048042
0 0.197445 0.231250 0.027328 0.063792
0 0.216586 0.242875 0.023078 0.042542
0 0.230141 0.240396 0.015125 0.041875
0 0.200133 0.373781 0.021297 0.027229
0 0.635633 0.266458 0.028828 0.037750
0 0.164430 0.377802 0.020203 0.015688
0 0.560930 0.258875 0.025547 0.034958
0 0.376563 0.406250 0.537500 0.500000
