0 0.477350 0.846320 0.042060 0.075200
0 0.571130 0.903053 0.046020 0.081787
0 0.608140 0.926067 0.045960 0.084240
0 0.540940 0.883893 0.043480 0.078987
0 0.510900 0.865280 0.042640 0.072533
0 0.140010 0.733720 0.029060 0.057307
0 0.431770 0.957813 0.051860 0.084373
0 0.032230 0.846360 0.037100 0.070320
0 0.128550 0.866653 0.041660 0.076347
0 0.110040 0.749907 0.036480 0.061627
0 0.070740 0.758920 0.033520 0.060293
0 0.149800 0.889920 0.044040 0.079147
0 0.651990 0.942000 0.047060 0.088533
0 0.498000 0.681333 0.980000 0.632000
