0 0.806688 0.212986 0.084906 0.187002
0 0.869906 0.214859 0.043000 0.192201
0 0.806688 0.321382 0.092250 0.021171
0 0.802977 0.433841 0.093141 0.015410
0 0.801562 0.595386 0.086656 0.023372
0 0.803734 0.344813 0.079500 0.031077
0 0.804469 0.384824 0.090938 0.019016
0 0.822039 0.556663 0.129391 0.035059
0 0.802656 0.416265 0.090844 0.017869
0 0.870609 0.427857 0.039469 0.015574
0 0.804953 0.469333 0.098781 0.020773
0 0.868305 0.335047 0.039391 0.017213
0 0.871188 0.349532 0.042406 0.017190
0 0.870313 0.549180 0.050000 0.480094
