0 0.186484 0.415609 0.038312 0.046300
0 0.211953 0.416218 0.025125 0.041101
0 0.227969 0.413677 0.021688 0.048759
0 0.130187 0.421124 0.022969 0.042623
0 0.150109 0.419473 0.033437 0.046066
0 0.090016 0.423981 0.022250 0.042061
0 0.068070 0.424461 0.023859 0.044473
0 0.112617 0.421440 0.025516 0.044473
0 0.078070 0.541101 0.033172 0.098361
0 0.310008 0.406148 0.017109 0.041335
0 0.293500 0.408056 0.011844 0.043419
0 0.271266 0.408548 0.017750 0.042482
0 0.256242 0.409496 0.017547 0.041241
0 0.188281 0.538642 0.195312 0.088993
