0 0.724703 0.128155 0.024031 0.049811
0 0.750000 0.126604 0.020188 0.039623
0 0.723469 0.173585 0.027250 0.007883
0 0.749867 0.151803 0.024047 0.011614
0 0.743031 0.307379 0.027125 0.036059
0 0.748508 0.192379 0.020484 0.007149
0 0.716242 0.277421 0.022922 0.006876
0 0.747188 0.202579 0.020688 0.007715
0 0.744430 0.260524 0.023297 0.028344
0 0.717172 0.300388 0.022344 0.042159
0 0.722273 0.202862 0.022547 0.011300
0 0.746805 0.227117 0.022891 0.040650
0 0.747945 0.172998 0.028109 0.029015
0 0.735156 0.203354 0.089063 0.264151
