0 0.170453 0.344438 0.019500 0.047190
0 0.160648 0.574848 0.034516 0.052646
0 0.210578 0.541710 0.040938 0.039719
0 0.204672 0.373302 0.022844 0.021686
0 0.196094 0.558642 0.024625 0.050398
0 0.207727 0.728290 0.038984 0.095550
0 0.218703 0.508864 0.015500 0.029813
0 0.182609 0.375222 0.021625 0.027541
0 0.223336 0.373759 0.019391 0.019696
0 0.240758 0.372330 0.016484 0.019180
0 0.143688 0.350199 0.019469 0.067143
0 0.157148 0.375293 0.030547 0.024122
0 0.258062 0.373607 0.017094 0.018548
0 0.178125 0.680328 0.150000 0.306792
