0 0.066266 0.523703 0.124334 0.192406
0 0.062820 0.446695 0.125640 0.051172
0 0.034621 0.346625 0.069243 0.036125
0 0.061397 0.421352 0.122794 0.053141
0 0.023094 0.292391 0.046188 0.030469
0 0.058773 0.394445 0.117546 0.052859
0 0.057350 0.417164 0.114700 0.038391
0 0.044204 0.371742 0.088407 0.055453
0 0.034230 0.336766 0.067937 0.043312
0 0.029373 0.314984 0.057911 0.034656
0 0.021057 0.283789 0.042115 0.032391
0 0.058094 0.403328 0.116188 0.048969
0 0.055548 0.375852 0.111097 0.072203
0 0.500000 0.275781 0.994778 0.182812
