0 0.162820 0.258680 0.033720 0.027440
0 0.185210 0.073080 0.043340 0.008987
0 0.186380 0.106293 0.045240 0.005493
0 0.182210 0.204613 0.055180 0.076160
0 0.185570 0.103880 0.045540 0.004133
0 0.185640 0.097080 0.046960 0.007600
0 0.267110 0.178480 0.090620 0.113387
0 0.183180 0.043720 0.044280 0.005413
0 0.182370 0.048507 0.043820 0.005653
0 0.184280 0.080560 0.042280 0.006133
0 0.185740 0.141013 0.036480 0.004427
0 0.182980 0.039187 0.045040 0.004773
0 0.124030 0.244787 0.060540 0.200507
0 0.213000 0.201333 0.254000 0.301333
