0 0.141900 0.152177 0.025600 0.074324
0 0.226490 0.150841 0.031540 0.069309
0 0.160630 0.059565 0.028060 0.079189
0 0.282800 0.153258 0.023440 0.070360
0 0.202560 0.236667 0.019440 0.064865
0 0.255140 0.238363 0.030800 0.072342
0 0.231170 0.240556 0.018940 0.066937
0 0.170960 0.237177 0.024560 0.063483
0 0.138520 0.057523 0.017000 0.083514
0 0.313090 0.152838 0.026020 0.073544
0 0.196230 0.152177 0.026180 0.069700
0 0.339100 0.157282 0.024240 0.074625
0 0.117140 0.053574 0.024560 0.076577
0 0.339120 0.242477 0.027360 0.072342
0 0.291070 0.063498 0.042500 0.086817
0 0.228000 0.138138 0.264000 0.276276
