0 0.687102 0.268415 0.063641 0.111009
0 0.828156 0.074918 0.026625 0.034202
0 0.831133 0.050305 0.019109 0.029859
0 0.705352 0.023310 0.018984 0.044836
0 0.689555 0.022383 0.014141 0.043357
0 0.798789 0.075751 0.023141 0.042676
0 0.645695 0.014542 0.012484 0.029085
0 0.735531 0.031878 0.019813 0.063756
0 0.672453 0.021866 0.015250 0.042512
0 0.852875 0.064472 0.012250 0.026925
0 0.774547 0.072735 0.027656 0.036362
0 0.789234 0.033991 0.033625 0.041690
0 0.609789 0.014495 0.011297 0.028991
0 0.700000 0.327465 0.340625 0.654930
