0 0.616688 0.749229 0.016219 0.028625
0 0.600469 0.750594 0.017313 0.028479
0 0.650961 0.748250 0.013234 0.027417
0 0.446234 0.746885 0.015625 0.027979
0 0.478570 0.743385 0.024609 0.020896
0 0.558148 0.749292 0.014391 0.032667
0 0.595969 0.747000 0.013562 0.028542
0 0.635023 0.743854 0.012047 0.034917
0 0.577227 0.747583 0.016984 0.025458
0 0.553391 0.729135 0.016563 0.038979
0 0.601836 0.723115 0.009359 0.017729
0 0.626602 0.730542 0.007797 0.010583
0 0.611047 0.725427 0.007844 0.013021
0 0.565625 0.731250 0.121875 0.054167
