0 0.660070 0.134764 0.022797 0.037528
0 0.321875 0.091958 0.042719 0.079250
0 0.343898 0.134778 0.039047 0.068944
0 0.396062 0.175500 0.031656 0.053056
0 0.585453 0.088986 0.026969 0.047917
0 0.626914 0.136278 0.026266 0.038722
0 0.397562 0.074833 0.031469 0.053222
0 0.361125 0.082528 0.043219 0.066389
0 0.366164 0.178722 0.032766 0.054111
0 0.444609 0.125167 0.034469 0.062500
0 0.524570 0.088611 0.038609 0.060556
0 0.380836 0.132750 0.035234 0.068611
0 0.413367 0.124250 0.038266 0.064611
0 0.517188 0.106944 0.428125 0.213889
