0 0.179914 0.402427 0.085016 0.102729
0 0.392656 0.411438 0.085750 0.096417
0 0.831828 0.412156 0.073000 0.099729
0 0.282469 0.400854 0.089750 0.112333
0 0.218570 0.790490 0.073734 0.154479
0 0.173898 0.704250 0.046734 0.111000
0 0.345148 0.742000 0.060266 0.115125
0 0.248945 0.066271 0.060078 0.132542
0 0.775305 0.073198 0.063422 0.142146
0 0.617789 0.070656 0.060453 0.137563
0 0.219563 0.860208 0.082000 0.022708
0 0.439125 0.380281 0.049312 0.072938
0 0.220148 0.924458 0.073422 0.121625
0 0.869445 0.070375 0.090734 0.135792
