0 0.399967 0.418689 0.018200 0.037689
0 0.408317 0.504200 0.028133 0.034933
0 0.746792 0.659256 0.030183 0.084867
0 0.476817 0.510856 0.033567 0.031178
0 0.563808 0.500244 0.015117 0.054533
0 0.585117 0.500356 0.013700 0.051956
0 0.418233 0.420489 0.018767 0.041822
0 0.504425 0.508289 0.022617 0.028178
0 0.603100 0.337356 0.012667 0.041822
0 0.588167 0.337233 0.016100 0.048022
0 0.572258 0.339100 0.013750 0.037089
0 0.598300 0.501067 0.017200 0.057156
0 0.560292 0.338689 0.011883 0.044978
0 0.557317 0.270200 0.021133 0.030178
0 0.395833 0.278889 0.468333 0.500000
