0 0.446531 0.712312 0.023813 0.048250
0 0.401359 0.647094 0.018812 0.030187
0 0.398078 0.687750 0.025531 0.046250
0 0.519406 0.625292 0.022531 0.038250
0 0.122359 0.599562 0.014875 0.030083
0 0.144156 0.562115 0.013875 0.023729
0 0.954516 0.574802 0.018969 0.028854
0 0.675148 0.647083 0.018516 0.042167
0 0.571078 0.531167 0.010656 0.021417
0 0.624836 0.524198 0.008422 0.017104
0 0.991398 0.561958 0.017203 0.028583
0 0.574922 0.541302 0.004375 0.007146
0 0.443336 0.670740 0.017766 0.028604
0 0.223438 0.486458 0.443750 0.056250
