0 0.798094 0.772389 0.012438 0.031611
0 0.746734 0.758611 0.017719 0.034944
0 0.901375 0.792847 0.016406 0.044139
0 0.738687 0.798889 0.017344 0.062556
0 0.848203 0.779819 0.012969 0.015250
0 0.884656 0.812986 0.016063 0.036361
0 0.703133 0.792194 0.013578 0.045667
0 0.783234 0.767722 0.023125 0.052389
0 0.760484 0.798931 0.020313 0.064583
0 0.788719 0.810028 0.026156 0.038556
0 0.834961 0.809542 0.014484 0.035250
0 0.804430 0.808958 0.016266 0.040472
0 0.820117 0.811125 0.018453 0.041139
0 0.847797 0.810778 0.013031 0.035222
0 0.743750 0.791667 0.256250 0.100000
