0 0.493398 0.409417 0.032859 0.055500
0 0.665156 0.380573 0.023500 0.041146
0 0.637367 0.384365 0.022516 0.037604
0 0.598703 0.391604 0.022969 0.038208
0 0.575781 0.393552 0.026250 0.043229
0 0.556766 0.400885 0.025688 0.035188
0 0.534484 0.401458 0.026375 0.049250
0 0.515227 0.401615 0.025703 0.043354
0 0.502945 0.264031 0.034859 0.053562
0 0.550477 0.262885 0.029672 0.050937
0 0.594406 0.262698 0.028063 0.050479
0 0.614578 0.265531 0.024938 0.041063
0 0.668695 0.265573 0.021047 0.038354
0 0.357812 0.423958 0.715625 0.610417
