0 0.644530 0.571715 0.047260 0.089263
0 0.831290 0.918926 0.046380 0.078814
0 0.401880 0.152580 0.043640 0.078686
0 0.643670 0.484519 0.037700 0.087244
0 0.856120 0.756138 0.050400 0.055288
0 0.719560 0.577708 0.042160 0.076571
0 0.719570 0.508830 0.044700 0.065160
0 0.379420 0.651410 0.057040 0.043013
0 0.878870 0.928942 0.056780 0.065833
0 0.874630 0.874968 0.042060 0.061346
0 0.545120 0.532324 0.052080 0.170417
0 0.314850 0.677372 0.051100 0.084295
0 0.768990 0.581538 0.058100 0.078205
0 0.465000 0.443910 0.826000 0.862179
