0 0.791945 0.824604 0.167797 0.248333
0 0.917695 0.793698 0.109547 0.155063
0 0.408398 0.945219 0.221297 0.109563
0 0.173789 0.806250 0.127391 0.245125
0 0.255344 0.896625 0.126406 0.197750
0 0.637023 0.794771 0.112984 0.184542
0 0.586445 0.955187 0.141391 0.089625
0 0.640344 0.286229 0.039750 0.066333
0 0.603156 0.286938 0.033406 0.072458
0 0.407469 0.896625 0.123156 0.137917
0 0.630086 0.479594 0.064078 0.106521
0 0.346359 0.493604 0.070563 0.104708
0 0.703797 0.271156 0.032969 0.035979
0 0.668750 0.209375 0.103125 0.077083
