0 0.088680 0.173035 0.016578 0.024941
0 0.011492 0.182388 0.014391 0.023035
0 0.032133 0.183941 0.018297 0.026659
0 0.063766 0.187835 0.014656 0.040329
0 0.102406 0.175529 0.013906 0.018259
0 0.047977 0.206153 0.017672 0.025341
0 0.048477 0.182565 0.014734 0.026729
0 0.077242 0.179576 0.011078 0.017459
0 0.062930 0.218447 0.019672 0.024894
0 0.086836 0.219824 0.027734 0.064918
0 0.033344 0.231353 0.015219 0.029576
0 0.113133 0.176035 0.012297 0.020212
0 0.012570 0.205541 0.018016 0.026188
0 0.047320 0.230553 0.013641 0.027741
0 0.065625 0.223529 0.131250 0.084706
