0 0.436008 0.614292 0.041297 0.078208
0 0.161250 0.499781 0.027906 0.043396
0 0.581719 0.663219 0.028563 0.054854
0 0.313688 0.547833 0.021719 0.039333
0 0.233437 0.514760 0.031969 0.047938
0 0.101891 0.429396 0.039500 0.052000
0 0.115164 0.395708 0.013047 0.015208
0 0.601516 0.661250 0.029281 0.056750
0 0.332133 0.543219 0.020109 0.039521
0 0.062844 0.411021 0.017594 0.013208
0 0.830133 0.784760 0.061078 0.098396
0 0.058789 0.439635 0.020453 0.034771
0 0.262578 0.484115 0.025625 0.037812
0 0.145313 0.446875 0.153125 0.160417
