0 0.112289 0.306542 0.020328 0.035500
0 0.119586 0.442104 0.017891 0.030667
0 0.553844 0.280073 0.018781 0.031771
0 0.573922 0.300406 0.021813 0.027604
0 0.859148 0.630260 0.040609 0.050188
0 0.573484 0.319010 0.020344 0.010771
0 0.822688 0.665229 0.037750 0.044292
0 0.084156 0.447125 0.023719 0.014167
0 0.465867 0.389771 0.028828 0.031667
0 0.554508 0.296292 0.017734 0.005500
0 0.101297 0.442344 0.023750 0.037312
0 0.132063 0.348938 0.015750 0.016083
0 0.131547 0.326688 0.015281 0.028083
0 0.307812 0.417708 0.468750 0.206250
