0 0.868180 0.412677 0.054828 0.091014
0 0.916445 0.491403 0.061609 0.030071
0 0.904320 0.593042 0.046609 0.025330
0 0.946578 0.426439 0.059000 0.026226
0 0.957805 0.514882 0.031328 0.019953
0 0.801977 0.529139 0.052641 0.021627
0 0.945266 0.444446 0.061500 0.019929
0 0.912422 0.543821 0.061562 0.023868
0 0.806750 0.396179 0.051938 0.021981
0 0.915148 0.511073 0.059797 0.029080
0 0.867500 0.324894 0.056219 0.012335
0 0.806164 0.429599 0.051547 0.017028
0 0.866289 0.310472 0.056266 0.026226
0 0.500781 0.516509 0.995313 0.962264
