0 0.417445 0.483802 0.023359 0.055854
0 0.515953 0.350729 0.031125 0.076083
0 0.559219 0.553542 0.044531 0.103250
0 0.519289 0.502958 0.041016 0.029042
0 0.519008 0.467260 0.035953 0.036188
0 0.516367 0.590302 0.041797 0.031313
0 0.559055 0.465781 0.044109 0.112479
0 0.298516 0.410760 0.039406 0.079354
0 0.627336 0.727073 0.092516 0.168313
0 0.253031 0.746281 0.083187 0.151146
0 0.518938 0.532792 0.044094 0.023750
0 0.520414 0.420917 0.035672 0.061333
0 0.399313 0.473896 0.020281 0.039083
0 0.381352 0.564760 0.046078 0.066812
