0 0.308250 0.857766 0.045031 0.096616
0 0.373102 0.664284 0.029484 0.058720
0 0.461445 0.489382 0.019516 0.027093
0 0.702023 0.710315 0.043953 0.058200
0 0.656711 0.551573 0.025672 0.033254
0 0.674023 0.378427 0.011922 0.028959
0 0.684063 0.410672 0.016344 0.017657
0 0.352477 0.640195 0.034078 0.040607
0 0.432773 0.593883 0.032453 0.038395
0 0.423578 0.543254 0.025031 0.030369
0 0.527445 0.424035 0.013922 0.018134
0 0.692227 0.510141 0.020297 0.036464
0 0.406492 0.566605 0.021797 0.042451
0 0.524219 0.595445 0.398438 0.505423
