0 0.221119 0.465948 0.008644 0.010621
0 0.359559 0.481185 0.018497 0.012663
0 0.450106 0.545474 0.020605 0.012549
0 0.841560 0.816879 0.046748 0.038954
0 0.359093 0.564134 0.018154 0.011078
0 0.374698 0.556552 0.017958 0.016895
0 0.584771 0.710507 0.033072 0.022876
0 0.913807 0.815997 0.045229 0.033595
0 0.624346 0.716846 0.030915 0.017680
0 0.376732 0.522598 0.016503 0.015850
0 0.881871 0.718734 0.026846 0.017598
0 0.351773 0.527810 0.021422 0.014902
0 0.497958 0.630588 0.029477 0.019346
0 0.834755 0.697279 0.034935 0.014199
0 0.498366 0.481209 0.934641 0.315359
