0 0.247180 0.541396 0.008703 0.031750
0 0.236187 0.542729 0.012937 0.029542
0 0.292914 0.547729 0.013547 0.038000
0 0.259937 0.542167 0.009281 0.029625
0 0.265789 0.541896 0.008172 0.026625
0 0.277523 0.539708 0.008766 0.028250
0 0.325750 0.557260 0.016938 0.041271
0 0.357250 0.563375 0.017656 0.030792
0 0.236844 0.523979 0.009781 0.011417
0 0.253813 0.540521 0.006594 0.034125
0 0.284125 0.546177 0.008812 0.037479
0 0.342242 0.560406 0.017047 0.040896
0 0.309797 0.550406 0.017375 0.038271
0 0.303906 0.587500 0.176563 0.183333
