0 0.779953 0.641005 0.043844 0.056794
0 0.724711 0.617452 0.053391 0.051507
0 0.825461 0.664617 0.049766 0.063780
0 0.857289 0.637512 0.045984 0.060478
0 0.888727 0.694067 0.049422 0.069426
0 0.827305 0.729749 0.047203 0.046483
0 0.689266 0.598648 0.038344 0.048780
0 0.977320 0.747428 0.045359 0.073565
0 0.890734 0.760323 0.050031 0.047919
0 0.890797 0.813923 0.050313 0.046986
0 0.843398 0.566603 0.050328 0.034593
0 0.921742 0.636388 0.061234 0.055837
0 0.961117 0.588349 0.042484 0.056842
0 0.499219 0.449761 0.998437 0.842105
