0 0.970250 0.154923 0.023781 0.043473
0 0.854937 0.173275 0.021438 0.036044
0 0.587641 0.328824 0.025625 0.024769
0 0.915914 0.167253 0.019859 0.031780
0 0.784039 0.175099 0.013703 0.039824
0 0.833656 0.175956 0.020063 0.032923
0 0.561766 0.589714 0.019219 0.047033
0 0.520836 0.578253 0.020828 0.031451
0 0.766992 0.185923 0.019359 0.031495
0 0.751414 0.185835 0.013922 0.041341
0 0.547305 0.329505 0.020266 0.016066
0 0.670594 0.324462 0.020469 0.012044
0 0.814125 0.177769 0.018937 0.035055
0 0.465625 0.509890 0.931250 0.975824
