0 0.533516 0.395511 0.079187 0.154113
0 0.368953 0.955658 0.072406 0.088225
0 0.398352 0.478674 0.047453 0.091795
0 0.660320 0.340678 0.029703 0.046994
0 0.549727 0.343716 0.177953 0.223925
0 0.562125 0.223643 0.019125 0.042693
0 0.257500 0.816743 0.076438 0.130522
0 0.547766 0.461691 0.046250 0.087432
0 0.522109 0.647797 0.044719 0.093507
0 0.586094 0.249666 0.026094 0.037996
0 0.653297 0.297150 0.019969 0.027495
0 0.668461 0.238090 0.019328 0.028038
0 0.574086 0.436086 0.023016 0.040981
0 0.369531 0.331942 0.739062 0.647182
