0 0.101359 0.534296 0.021688 0.022817
0 0.622422 0.990575 0.077625 0.018850
0 0.710227 0.968216 0.110297 0.063568
0 0.879727 0.692899 0.041141 0.086925
0 0.145937 0.512852 0.020500 0.021573
0 0.160875 0.512312 0.012937 0.018568
0 0.174609 0.494918 0.021344 0.018991
0 0.192852 0.494977 0.020234 0.019343
0 0.126289 0.531631 0.011797 0.017535
0 0.137672 0.532887 0.014031 0.020329
0 0.231125 0.528568 0.014406 0.017089
0 0.331531 0.982031 0.098906 0.035939
0 0.548961 0.964613 0.094203 0.064484
0 0.392188 0.746479 0.565625 0.502347
