0 0.553063 0.646427 0.047438 0.105188
0 0.286008 0.690083 0.038984 0.095875
0 0.376430 0.945729 0.063359 0.108542
0 0.343531 0.836125 0.057625 0.138000
0 0.487492 0.556052 0.029141 0.069313
0 0.433828 0.515333 0.022656 0.059750
0 0.272891 0.813240 0.051000 0.087271
0 0.343875 0.688427 0.039125 0.099521
0 0.427539 0.665313 0.035672 0.098667
0 0.445344 0.590396 0.035219 0.081750
0 0.494633 0.500333 0.021109 0.055958
0 0.519203 0.438979 0.020875 0.045208
0 0.499070 0.441146 0.022703 0.063875
0 0.423438 0.664583 0.209375 0.533333
