0 0.270758 0.861792 0.073203 0.089625
0 0.503203 0.875059 0.075938 0.090023
0 0.604211 0.841124 0.071453 0.076909
0 0.530758 0.815550 0.063734 0.062951
0 0.450195 0.806674 0.063203 0.065902
0 0.735148 0.842096 0.071672 0.082037
0 0.851070 0.794965 0.059078 0.067260
0 0.328805 0.730597 0.040391 0.026674
0 0.450469 0.934157 0.094781 0.108454
0 0.657195 0.877998 0.077891 0.097494
0 0.766805 0.945222 0.107391 0.109555
0 0.833039 0.870375 0.077141 0.102014
0 0.419219 0.690749 0.033437 0.024450
0 0.410938 0.778689 0.815625 0.414520
